1.900078e-02
8.548636e-02
-3.314322e-01
2.440604e-02
-6.461445e-01
-7.460251e-01
5.706861e-01
-6.391164e-02
-3.681220e-01
3.359572e-01
-8.358069e-01
1.730207e-01
-7.762620e-01
-9.918196e-01
-1.155304e-01
-6.060053e-01
4.034051e-01
-6.577163e-01
-4.593707e-01
4.775171e-01
7.053617e-01
-9.989944e-01
-4.241922e-01
-1.056461e-01
-2.655067e-01
6.615583e-01
-8.514753e-01
7.433776e-01
6.223437e-01
-6.140962e-01
7.067059e-01
4.568796e-01
7.526247e-01
7.238108e-01
3.524515e-01
1.559346e-01
9.097746e-01
1.735603e-01
5.194394e-02
9.321860e-01
-2.580107e-01
5.384423e-01
6.203171e-01
9.294072e-01
8.085664e-01
-2.500817e-01
4.568334e-01
5.136816e-01
5.050480e-02
-8.948411e-01
-7.157754e-02
-3.329414e-01
-7.221695e-01
-9.464281e-01
-4.673714e-01
-6.788623e-02
-1.443309e-01
9.334593e-01
1.383701e-01
-2.143441e-01
3.723747e-01
-7.046941e-02
5.669680e-01
7.379329e-01