-7.319215e-01
8.165651e-01
-4.029224e-02
8.852518e-01
5.361704e-01
-2.435351e-01
-5.578819e-01
-3.161686e-01
6.921052e-01
5.488294e-01
-9.377434e-01
-2.239507e-01
5.038825e-01
-1.625671e-01
5.086909e-02
-8.637625e-02
-9.638247e-01
-2.678706e-01
2.168604e-01
8.610245e-01
-8.182718e-01
-7.231037e-01
-1.094956e-02
1.762435e-01
8.817096e-01
8.885760e-01
5.845223e-01
8.227684e-01
7.079334e-01
-2.383066e-01
7.650440e-01
1.702999e-01
3.401642e-01
7.696433e-01
-6.350064e-01
-3.245633e-01
-6.507111e-01
-4.004399e-01
5.476602e-01
-8.601459e-01
5.999431e-01
-1.096578e-01
5.024259e-02
6.562465e-02
-9.604593e-01
-9.579758e-01
-8.819950e-01
6.378629e-01
-7.135664e-01
-6.739431e-01
7.975177e-01
4.041545e-01
-1.618930e-01
-5.223948e-01
-7.603972e-01
-1.936786e-01
2.209206e-01
-1.503654e-01
-3.824202e-01
9.420213e-01
-4.072602e-01
-9.257813e-01
9.560251e-02
1.709661e-01